0 0 0.5
0 48 0.5
1 1 0.916666666667
1 49 0.0416666666667
1 97 0.0416666666667
2 2 1.0
3 6 1.0
4 4 0.0357142857143
4 7 0.964285714286
5 5 1.0
6 6 1.0
7 10 1.0
8 8 1.0
9 9 1.0
10 10 1.0
11 11 1.0
12 3 0.0666666666667
12 15 0.933333333333
13 3 0.00286259541985
13 4 0.0248091603053
13 15 0.0410305343511
13 16 0.931297709924
14 14 1.0
15 6 0.0555555555556
15 18 0.944444444444
16 7 0.142857142857
16 19 0.857142857143
17 17 1.0
18 21 1.0
19 10 0.142857142857
19 22 0.857142857143
20 20 1.0
21 18 0.857142857143
21 19 0.142857142857
22 10 2.43468945536e-05
22 19 0.453387870377
22 22 0.420641297203
22 67 0.116134687021
22 115 0.0098117985051
23 23 1.0
24 12 0.166666666667
24 15 0.25
24 24 0.166666666667
24 27 0.416666666667
25 15 0.0145631067961
25 16 0.427184466019
25 25 0.00485436893204
25 27 0.0242718446602
25 28 0.529126213592
26 26 1.0
27 15 0.0101666863695
27 18 0.723726208772
27 27 0.00289632344249
27 30 0.263210781416
28 15 0.000151446312283
28 16 0.00605785249129
28 18 0.00454338936847
28 19 0.462062698773
28 28 0.00696653036499
28 30 0.00530062092988
28 31 0.51491746176
29 29 1.0
30 21 1.0
31 31 1.0
32 32 1.0
33 21 0.25
33 33 0.75
34 34 1.0
35 35 1.0
36 36 1.0
37 37 1.0
38 38 1.0
39 39 1.0
40 40 1.0
41 41 1.0
42 42 1.0
43 43 1.0
44 44 1.0
45 45 1.0
46 46 1.0
47 47 1.0
48 48 1.0
49 97 1.0
50 50 1.0
51 51 1.0
52 52 1.0
53 53 1.0
54 54 1.0
55 55 1.0
56 56 1.0
57 57 1.0
58 58 1.0
59 59 1.0
60 15 1.0
61 108 0.00394968706326
61 109 0.13313483624
61 156 0.0243057665431
61 157 0.838609710154
62 62 1.0
63 15 0.0566750629723
63 18 0.943324937028
64 108 6.28522343969e-05
64 109 0.250738513754
64 112 0.00754226812763
64 156 4.19014895975e-05
64 157 0.734114097756
64 160 0.00750036663803
65 65 1.0
66 66 1.0
67 112 0.554388342935
67 160 0.445611657065
68 68 1.0
69 69 1.0
70 70 1.0
71 71 1.0
72 12 0.031033430676
72 15 0.0983306455128
72 24 0.157869502681
72 27 0.712766421131
73 108 0.000317662007624
73 109 0.00754447268107
73 120 0.00635324015248
73 121 0.233163913596
73 156 0.00039707750953
73 157 0.0191391359593
73 168 0.0226334180432
73 169 0.710451080051
74 74 1.0
75 15 0.0149572649573
75 18 0.0854700854701
75 27 0.0747863247863
75 30 0.824786324786
76 16 0.00294806863708
76 18 0.00045354902109
76 19 0.118905435029
76 28 0.0267593922443
76 30 0.00090709804218
76 31 0.850026457026
77 77 1.0
78 33 1.0
79 19 0.00246052901374
79 22 0.0295263481649
79 31 0.0916547057617
79 34 0.87635841706
80 80 1.0
81 33 1.0
82 175 1.0
83 83 1.0
84 84 1.0
85 85 1.0
86 86 1.0
87 87 1.0
88 88 1.0
89 89 1.0
90 90 1.0
91 91 1.0
92 92 1.0
93 129 0.5
93 189 0.5
94 94 1.0
95 95 1.0
96 96 1.0
97 145 1.0
98 98 1.0
99 99 1.0
100 100 1.0
101 101 1.0
102 102 1.0
103 103 1.0
104 104 1.0
105 105 1.0
106 106 1.0
107 107 1.0
108 12 0.545454545455
108 60 0.454545454545
109 156 0.0140890062039
109 157 0.944686359892
109 168 0.000453941727331
109 169 0.0407706921771
110 110 1.0
111 156 1.0
112 157 0.962525383053
112 160 0.00359977847517
112 169 0.0338748384715
113 113 1.0
114 114 1.0
115 115 1.0
116 116 1.0
117 117 1.0
118 118 1.0
119 119 1.0
120 24 0.600953472194
120 27 0.118570200925
120 72 0.273130908049
120 75 0.0073454188321
121 24 0.000819576162042
121 25 0.0120009366585
121 27 0.00860554970144
121 28 0.341470553799
121 72 0.00924950240019
121 73 0.20858213324
121 75 0.00152207001522
121 76 0.417749678024
122 122 1.0
123 30 0.631578947368
123 78 0.368421052632
124 28 0.0340461451885
124 31 0.554164321891
124 76 0.0340461451885
124 79 0.377743387732
125 125 1.0
126 33 0.333333333333
126 81 0.666666666667
127 31 0.110509209101
127 34 0.889490790899
128 128 1.0
129 33 0.181818181818
129 81 0.727272727273
129 93 0.0909090909091
130 130 1.0
131 131 1.0
132 132 1.0
133 133 1.0
134 134 1.0
135 135 1.0
136 136 1.0
137 137 1.0
138 138 1.0
139 139 1.0
140 140 1.0
141 141 1.0
142 142 1.0
143 143 1.0
144 144 1.0
145 145 1.0
146 146 1.0
147 147 1.0
148 148 1.0
149 149 1.0
150 150 1.0
151 151 1.0
152 152 1.0
153 153 1.0
154 154 1.0
155 155 1.0
156 60 0.282651432047
156 63 2.17223664346e-05
156 72 0.0883340031063
156 75 2.17223664346e-05
156 108 0.350533827155
156 120 0.278382987043
156 156 3.25835496519e-05
156 168 2.17223664346e-05
157 60 0.00435305652715
157 61 0.103826656561
157 63 1.39075288407e-05
157 64 0.233653438289
157 72 0.000674515148776
157 73 0.0135737481486
157 76 0.0357423491207
157 108 0.00595937610826
157 109 0.283463252832
157 112 0.170645378876
157 120 0.00161327334553
157 121 0.0714638369481
157 124 0.0378076171535
157 160 0.0270918661818
157 172 0.0101177272316
158 158 1.0
159 159 1.0
160 160 1.0
161 161 1.0
162 162 1.0
163 163 1.0
164 164 1.0
165 165 1.0
166 166 1.0
167 167 1.0
168 72 0.0321523137057
168 75 0.000504350018913
168 120 0.935569285084
168 123 0.00706090026478
168 168 0.0184087756903
168 171 0.00542176270332
168 180 0.000126087504728
168 183 0.00075652502837
169 72 0.023548118422
169 73 0.535852199591
169 120 0.008631786174
169 121 0.29302642538
169 124 0.0831377299917
169 169 0.000530021958053
169 172 0.05519800106
169 184 7.5717422579e-05
170 170 1.0
171 78 0.409090909091
171 123 0.136363636364
171 126 0.363636363636
171 174 0.0909090909091
172 76 0.0737704918033
172 79 0.744080145719
172 124 0.0168488160291
172 127 0.16029143898
172 175 0.00500910746812
173 173 1.0
174 78 0.2
174 129 0.6
174 177 0.2
175 172 0.8
175 184 0.2
176 176 1.0
177 81 0.125
177 129 0.625
177 141 0.125
177 177 0.125
178 175 1.0
179 179 1.0
180 180 1.0
181 181 1.0
182 182 1.0
183 180 1.0
184 181 1.0
185 185 1.0
186 186 1.0
187 187 1.0
188 188 1.0
189 141 1.0
190 190 1.0
191 191 1.0
