0 0 0.333333333333
0 160 0.666666666667
1 161 1.0
2 2 1.0
3 3 0.75
3 13 0.25
4 4 1.0
5 165 0.5
5 325 0.5
6 6 1.0
7 7 1.0
8 8 1.0
9 9 1.0
10 160 1.0
11 21 1.0
12 12 1.0
13 13 1.0
14 24 1.0
15 5 1.0
16 26 1.0
17 17 1.0
18 18 1.0
19 19 1.0
20 10 1.0
21 31 1.0
22 32 1.0
23 33 1.0
24 34 1.0
25 25 1.0
26 26 1.0
27 27 1.0
28 28 1.0
29 29 1.0
30 30 1.0
31 31 1.0
32 22 0.5
32 182 0.5
33 33 1.0
34 34 1.0
35 196 1.0
36 26 0.047619047619
36 36 0.285714285714
36 186 0.142857142857
36 196 0.47619047619
36 356 0.047619047619
37 27 0.5
37 197 0.5
38 38 1.0
39 39 1.0
40 40 0.153148043108
40 160 0.00311968235961
40 200 0.352807714124
40 320 0.000850822461713
40 360 0.490073737947
41 40 0.0162082514735
41 41 0.187131630648
41 200 0.0216110019646
41 201 0.519646365422
41 360 0.00933202357564
41 361 0.246070726916
42 201 0.148148148148
42 202 0.851851851852
43 3 0.0031007751938
43 43 0.139534883721
43 163 0.0031007751938
43 203 0.578294573643
43 363 0.275968992248
44 3 0.000479386385426
44 4 0.000239693192713
44 43 0.00958772770853
44 44 0.0788590604027
44 203 0.065196548418
44 204 0.523729626079
44 363 0.0182166826462
44 364 0.303691275168
45 5 0.2
45 45 0.3
45 205 0.2
45 365 0.3
46 46 0.111111111111
46 205 0.111111111111
46 206 0.555555555556
46 366 0.222222222222
47 47 1.0
48 48 1.0
49 49 1.0
50 0 0.00145137880987
50 40 0.436865021771
50 50 0.00290275761974
50 200 0.178519593614
50 210 0.0261248185776
50 360 0.3381712627
50 370 0.0159651669086
51 1 0.000819672131148
51 40 0.00327868852459
51 41 0.267213114754
51 51 0.0016393442623
51 200 0.00491803278689
51 201 0.694262295082
51 210 0.000819672131148
51 211 0.0106557377049
51 361 0.016393442623
52 2 0.00858369098712
52 41 0.00429184549356
52 42 0.0643776824034
52 52 0.00429184549356
52 201 0.0171673819742
52 202 0.811158798283
52 362 0.0901287553648
53 3 0.00750750750751
53 43 0.135135135135
53 53 0.0015015015015
53 203 0.487987987988
53 213 0.00750750750751
53 363 0.354354354354
53 373 0.00600600600601
54 43 0.00229448532321
54 44 0.0591027771184
54 54 0.00356040826015
54 203 0.00791201835588
54 204 0.397183321465
54 214 0.02223277158
54 363 0.00482633119709
54 364 0.454624574729
54 374 0.0482633119709
55 45 0.333333333333
55 165 0.166666666667
55 205 0.333333333333
55 375 0.166666666667
56 46 0.243243243243
56 206 0.567567567568
56 366 0.189189189189
57 206 0.25
57 207 0.125
57 367 0.625
58 58 1.0
59 59 1.0
60 10 0.00142653352354
60 50 0.156918687589
60 60 0.00285306704708
60 210 0.798858773181
60 370 0.0399429386591
61 11 0.0204081632653
61 51 0.612244897959
61 61 0.0612244897959
61 211 0.30612244898
62 12 0.0377358490566
62 52 0.320754716981
62 62 0.0754716981132
62 63 0.0188679245283
62 212 0.490566037736
62 372 0.0566037735849
63 33 0.047619047619
63 63 0.0793650793651
63 73 0.809523809524
63 74 0.0634920634921
64 14 0.000214178624973
64 54 0.00149925037481
64 64 0.000428357249946
64 214 0.433176269008
64 215 0.00781751981152
64 224 0.028164489184
64 225 0.00032126793746
64 374 0.506853715999
64 375 0.0187406296852
64 384 0.00224887556222
64 385 0.000535446562433
65 55 0.00246184145741
65 65 0.000246184145741
65 215 0.332102412605
65 225 0.0519448547514
65 375 0.477351058592
65 376 0.000492368291482
65 385 0.135401280158
66 16 0.00188679245283
66 56 0.0320754716981
66 57 0.00566037735849
66 66 0.00188679245283
66 216 0.239622641509
66 217 0.00754716981132
66 226 0.167924528302
66 376 0.420754716981
66 377 0.00754716981132
66 386 0.115094339623
67 17 0.0225988700565
67 57 0.16384180791
67 67 0.00564971751412
67 217 0.463276836158
67 227 0.00564971751412
67 377 0.293785310734
67 387 0.045197740113
68 38 0.333333333333
68 78 0.666666666667
69 69 1.0
70 20 0.00696864111498
70 30 0.0174216027875
70 60 0.0975609756098
70 70 0.355400696864
70 71 0.00696864111498
70 220 0.00348432055749
70 230 0.383275261324
70 231 0.01393728223
70 390 0.108013937282
70 391 0.00696864111498
71 21 0.0338983050847
71 31 0.0169491525424
71 61 0.305084745763
71 62 0.0508474576271
71 71 0.305084745763
71 72 0.0677966101695
71 221 0.0169491525424
71 231 0.169491525424
71 232 0.0169491525424
71 391 0.0169491525424
72 32 0.0208333333333
72 62 0.458333333333
72 63 0.0416666666667
72 72 0.375
72 73 0.0416666666667
72 232 0.0416666666667
72 392 0.0208333333333
73 23 0.0588235294118
73 63 0.647058823529
73 64 0.0441176470588
73 73 0.147058823529
73 74 0.0147058823529
73 193 0.0147058823529
73 223 0.0147058823529
73 233 0.0441176470588
73 234 0.0147058823529
74 24 0.000665335994677
74 25 0.000665335994677
74 64 0.00998003992016
74 65 0.00332667997339
74 74 0.179640718563
74 75 0.167664670659
74 224 0.428476380572
74 225 0.0459081836327
74 234 0.00399201596806
74 384 0.142381902861
74 385 0.0166333998669
74 394 0.000665335994677
75 25 0.000209467951404
75 35 0.00104733975702
75 36 0.000837871805614
75 65 0.416841223293
75 75 0.269166317553
75 76 0.00837871805614
75 225 0.169669040637
75 226 0.00167574361123
75 235 0.109132802681
75 236 0.00481776288228
75 385 0.0104733975702
75 395 0.00691244239631
75 396 0.000837871805614
76 26 0.000216731686173
76 36 0.00260078023407
76 66 0.0819245773732
76 67 0.00260078023407
76 76 0.0689206762029
76 77 0.00195058517555
76 186 0.000216731686173
76 196 0.00151712180321
76 226 0.392934547031
76 227 0.00368443866493
76 236 0.293021239705
76 237 0.00346770697876
76 386 0.13025574339
76 387 0.00195058517555
76 396 0.0134373645427
76 397 0.00130039011704
77 37 0.0059880239521
77 67 0.059880239521
77 77 0.0538922155689
77 227 0.299401197605
77 237 0.0778443113772
77 387 0.461077844311
77 388 0.0059880239521
77 397 0.0359281437126
78 68 0.15
78 78 0.1
78 228 0.15
78 238 0.4
78 239 0.05
78 398 0.15
79 39 0.0597014925373
79 79 0.388059701493
79 239 0.44776119403
79 399 0.10447761194
80 40 0.00555555555556
80 80 0.0277777777778
80 240 0.0444444444444
80 400 0.922222222222
81 41 0.0617469879518
81 50 0.00301204819277
81 51 0.21234939759
81 80 0.039156626506
81 81 0.254518072289
81 90 0.0225903614458
81 91 0.406626506024
82 201 0.0133511348465
82 202 0.196261682243
82 241 0.00133511348465
82 242 0.0373831775701
82 361 0.018691588785
82 362 0.341789052069
82 401 0.0267022696929
82 402 0.364485981308
83 362 0.0961538461538
83 363 0.346153846154
83 402 0.0576923076923
83 403 0.5
84 54 0.166666666667
84 94 0.833333333333
85 364 1.0
86 86 1.0
87 87 1.0
88 88 1.0
89 89 1.0
90 100 1.0
91 41 0.0983606557377
91 80 0.00285103349964
91 81 0.0691375623664
91 200 0.000712758374911
91 201 0.129009265859
91 240 0.00213827512473
91 241 0.28011404134
91 360 0.000712758374911
91 361 0.0890947968639
91 400 0.00427655024947
91 401 0.32359230221
92 201 0.00332963374029
92 202 0.256381798002
92 241 0.00110987791343
92 242 0.101738808731
92 252 0.000369959304476
92 361 0.00332963374029
92 362 0.292637809841
92 401 0.00295967443581
92 402 0.337402885683
92 412 0.000739918608953
93 362 0.00676437429538
93 363 0.441939120631
93 373 0.0011273957159
93 402 0.00845546786922
93 403 0.536640360767
93 413 0.00507328072153
94 44 0.107142857143
94 84 0.0357142857143
94 204 0.178571428571
94 244 0.142857142857
94 364 0.0357142857143
94 374 0.214285714286
94 404 0.142857142857
94 414 0.142857142857
95 364 0.0263157894737
95 365 0.368421052632
95 375 0.0526315789474
95 405 0.552631578947
96 366 0.333333333333
96 406 0.666666666667
97 97 1.0
98 98 1.0
99 99 1.0
100 70 0.061135371179
100 100 0.056768558952
100 110 0.877729257642
100 111 0.00436681222707
101 411 1.0
102 212 0.181818181818
102 252 0.545454545455
102 412 0.272727272727
103 93 0.00564971751412
103 213 0.00564971751412
103 373 0.00564971751412
103 413 0.983050847458
104 214 0.657407407407
104 215 0.0145502645503
104 224 0.0582010582011
104 225 0.00146972369195
104 254 0.0421810699588
104 255 0.00573192239859
104 264 0.00940623162845
104 265 0.00323339212228
104 374 0.0320399764844
104 375 0.00984714873604
104 384 0.000293944738389
104 385 0.000293944738389
104 414 0.145796590241
104 415 0.0161669606114
104 424 0.0027924750147
104 425 0.000587889476778
105 75 0.38844140153
105 76 0.000402738622634
105 115 0.610954490536
105 116 0.000201369311317
106 76 0.375
106 116 0.625
107 107 1.0
108 108 1.0
109 109 1.0
110 70 0.181818181818
110 71 0.0151515151515
110 110 0.80303030303
111 61 0.0222222222222
111 101 0.0488888888889
111 102 0.00444444444444
111 111 0.00444444444444
111 221 0.00888888888889
111 231 0.00444444444444
111 261 0.231111111111
111 262 0.0133333333333
111 271 0.182222222222
111 421 0.32
111 422 0.0266666666667
111 431 0.128888888889
111 432 0.00444444444444
112 62 0.015625
112 63 0.00426136363636
112 102 0.0170454545455
112 103 0.00426136363636
112 112 0.00142045454545
112 222 0.00284090909091
112 262 0.0142045454545
112 272 0.348011363636
112 273 0.0653409090909
112 422 0.0340909090909
112 432 0.433238636364
112 433 0.0596590909091
113 63 0.00238095238095
113 103 0.00714285714286
113 113 0.00238095238095
113 263 0.0047619047619
113 273 0.0761904761905
113 274 0.00238095238095
113 423 0.283333333333
113 424 0.00238095238095
113 433 0.57619047619
113 434 0.0428571428571
114 114 1.0
115 65 0.0980715685263
115 66 0.000103124677735
115 75 0.0159327627101
115 105 0.0491904712798
115 115 0.0211921212746
115 116 5.15623388677e-05
115 225 0.086109105909
115 226 0.00139218314943
115 235 0.0816231824276
115 236 0.00391873775394
115 265 0.114468392286
115 266 0.00185624419924
115 275 0.231257089822
115 276 0.00855934825204
115 385 0.0423326802104
115 386 0.000309374033206
115 395 0.00164999484377
115 396 0.000309374033206
115 425 0.217799319377
115 426 0.00268124162112
115 435 0.0168093224709
115 436 0.00438279880375
116 66 0.00221177771634
116 106 0.000829416643627
116 226 0.019353055018
116 236 0.0091235830799
116 266 0.00857063865082
116 276 0.0287531103124
116 386 0.0315178324578
116 387 0.000276472214542
116 396 0.212330660769
116 397 0.00774122200719
116 426 0.0713298313519
116 427 0.000552944429085
116 436 0.590544650263
116 437 0.0168648050871
117 227 0.0491803278689
117 267 0.0327868852459
117 387 0.0327868852459
117 397 0.262295081967
117 427 0.0491803278689
117 437 0.573770491803
118 278 0.301428571429
118 279 0.0428571428571
118 438 0.574285714286
118 439 0.0814285714286
119 119 0.001161632924
119 239 0.0253899767673
119 279 0.503318951211
119 399 0.00846332558911
119 439 0.461666113508
120 240 0.408163265306
120 400 0.591836734694
121 121 1.0
122 122 1.0
123 123 1.0
124 124 1.0
125 125 1.0
126 126 1.0
127 127 1.0
128 128 1.0
129 129 1.0
130 240 0.25
130 400 0.75
131 131 1.0
132 132 1.0
133 133 1.0
134 134 1.0
135 135 1.0
136 136 1.0
137 137 1.0
138 138 1.0
139 139 1.0
140 410 1.0
141 141 1.0
142 142 1.0
143 143 1.0
144 144 1.0
145 145 1.0
146 146 1.0
147 147 1.0
148 148 1.0
149 149 1.0
150 110 0.923076923077
150 111 0.0384615384615
150 150 0.0384615384615
151 151 1.0
152 112 1.0
153 113 1.0
154 435 1.0
155 155 1.0
156 156 1.0
157 157 1.0
158 278 0.75
158 438 0.25
159 439 0.6
159 479 0.4
160 320 0.818181818182
160 480 0.181818181818
161 161 1.0
162 162 1.0
163 483 1.0
164 164 1.0
165 165 1.0
166 166 1.0
167 167 1.0
168 168 1.0
169 169 1.0
170 170 1.0
171 171 1.0
172 172 1.0
173 173 1.0
174 174 1.0
175 175 1.0
176 176 1.0
177 177 1.0
178 178 1.0
179 179 1.0
180 180 1.0
181 181 1.0
182 182 1.0
183 183 1.0
184 184 1.0
185 185 1.0
186 186 1.0
187 187 1.0
188 188 1.0
189 189 1.0
190 190 1.0
191 191 1.0
192 192 1.0
193 513 1.0
194 194 1.0
195 195 1.0
196 346 0.285714285714
196 356 0.571428571429
196 506 0.142857142857
197 197 1.0
198 198 1.0
199 199 1.0
200 320 0.002043318349
200 360 0.648957907642
200 520 0.348998774009
201 360 0.0161290322581
201 361 0.435483870968
201 520 0.0161290322581
201 521 0.532258064516
202 361 0.0219271155034
202 362 0.405806053119
202 521 0.0420012353305
202 522 0.530265596047
203 362 0.0216396171452
203 363 0.433208489388
203 522 0.0233042030795
203 523 0.521847690387
204 204 1.0
205 364 0.00925925925926
205 365 0.34126984127
205 524 0.0185185185185
205 525 0.630952380952
206 365 0.024531024531
206 366 0.454545454545
206 525 0.040404040404
206 526 0.480519480519
207 56 1.0
208 208 1.0
209 209 1.0
210 360 0.672897196262
210 370 0.0280373831776
210 520 0.299065420561
211 361 1.0
212 362 0.9
212 522 0.1
213 363 0.750896057348
213 373 0.0089605734767
213 523 0.240143369176
214 363 0.00298621562866
214 364 0.544518502592
214 374 0.0462982871067
214 523 0.00064502257579
214 524 0.365369454598
214 534 0.0401825174992
215 364 0.00216054512215
215 365 0.0972245304969
215 374 0.000166195778627
215 375 0.00681402692372
215 524 0.0091407678245
215 525 0.822502908426
215 535 0.061991025428
216 366 0.59631147541
216 376 0.00204918032787
216 526 0.391393442623
216 536 0.0102459016393
217 367 0.5
217 377 0.05
217 527 0.45
218 218 1.0
219 219 1.0
220 530 1.0
221 531 1.0
222 372 1.0
223 373 1.0
224 374 0.72609143491
224 375 0.000158466048649
224 534 0.273195467871
224 535 0.000554631170272
225 375 0.460738255034
225 376 0.00570469798658
225 385 0.0681208053691
225 535 0.437919463087
225 536 0.00436241610738
225 545 0.0214765100671
225 546 0.00167785234899
226 376 0.444444444444
226 536 0.5
226 546 0.0555555555556
227 377 0.55497382199
227 387 0.0837696335079
227 537 0.329842931937
227 547 0.0314136125654
228 228 1.0
229 229 1.0
230 390 0.166666666667
230 540 0.333333333333
230 550 0.5
231 381 0.105263157895
231 391 0.315789473684
231 541 0.263157894737
231 551 0.315789473684
232 382 0.5
232 392 0.5
233 393 0.5
233 553 0.5
234 384 0.909090909091
234 394 0.0909090909091
235 385 0.749762131304
235 386 0.00761179828735
235 395 0.0570884871551
235 396 0.00761179828735
235 545 0.166508087536
235 546 0.0080875356803
235 555 0.0023786869648
235 556 0.000951474785918
236 36 0.00128287363695
236 76 0.987812700449
236 77 0.010904425914
237 387 0.625850340136
237 397 0.149659863946
237 398 0.0136054421769
237 547 0.122448979592
237 557 0.0816326530612
237 558 0.00680272108844
238 398 0.818181818182
238 558 0.181818181818
239 399 0.552486187845
239 559 0.447513812155
240 360 0.00484429065745
240 400 0.351557093426
240 560 0.643598615917
241 41 0.00615006150062
241 50 0.00123001230012
241 51 0.0418204182042
241 80 0.0135301353014
241 81 0.223862238622
241 90 0.0270602706027
241 91 0.686346863469
242 41 0.00135043889264
242 42 0.0182309250506
242 51 0.00405131667792
242 52 0.124915597569
242 81 0.0182309250506
242 82 0.129642133693
242 91 0.0182309250506
242 92 0.685347738015
243 362 0.00126103404792
243 363 0.0214375788146
243 402 0.063051702396
243 403 0.43001261034
243 522 0.00126103404792
243 523 0.0226986128625
243 562 0.0302648171501
243 563 0.43001261034
244 364 0.0232558139535
244 404 0.53488372093
244 564 0.441860465116
245 404 0.0487804878049
245 405 0.512195121951
245 525 0.0487804878049
245 564 0.0487804878049
245 565 0.341463414634
246 246 1.0
247 247 1.0
248 248 1.0
249 249 1.0
250 400 0.565217391304
250 560 0.434782608696
251 360 0.000698324022346
251 361 0.0279329608939
251 400 0.00628491620112
251 401 0.654329608939
251 411 0.000698324022347
251 560 0.00349162011173
251 561 0.303770949721
251 571 0.00279329608939
252 361 0.000594530321046
252 362 0.0359690844233
252 401 0.00416171224732
252 402 0.620095124851
252 412 0.000297265160523
252 561 0.00267538644471
252 562 0.331153388823
252 572 0.00505350772889
253 362 0.000318928400574
253 363 0.0393876574709
253 402 0.00685696061234
253 403 0.683623026631
253 523 0.000797321001435
253 562 0.00526231860947
253 563 0.263434858874
253 573 0.000318928400574
254 54 0.000126087504728
254 64 0.368553776321
254 103 0.000126087504728
254 104 0.63119404867
255 65 0.11298245614
255 104 0.0112280701754
255 105 0.875789473684
256 66 0.25
256 105 0.25
256 106 0.5
257 257 1.0
258 258 1.0
259 259 1.0
260 110 1.0
261 101 0.0606060606061
261 111 0.89898989899
261 112 0.040404040404
262 102 0.0769230769231
262 112 0.923076923077
263 373 0.00351493848858
263 413 0.553602811951
263 573 0.442882249561
264 64 0.115477923338
264 74 0.167879670063
264 104 0.261038330907
264 105 0.000485201358564
264 114 0.436681222707
264 115 0.0184376516254
265 65 0.000652032166921
265 75 0.0617257118018
265 76 0.0010867202782
265 105 0.0578135188003
265 115 0.87089763095
265 116 0.00782438600304
266 76 0.157303370787
266 106 0.0112359550562
266 116 0.831460674157
267 117 1.0
268 268 1.0
269 269 1.0
270 70 0.00140944326991
270 110 0.979563072586
270 111 0.0190274841438
271 111 1.0
272 72 0.00180505415162
272 112 0.929602888087
272 113 0.0685920577617
273 113 0.882352941176
273 114 0.117647058824
274 114 1.0
275 75 0.0669024045262
275 76 0.0004243281471
275 115 0.911739745403
275 116 0.0209335219236
276 386 0.0146882494005
276 387 0.000299760191847
276 396 0.0146882494005
276 397 0.00179856115108
276 426 0.138788968825
276 427 0.00299760191847
276 436 0.348321342926
276 437 0.0323741007194
276 546 0.00329736211031
276 556 0.000599520383693
276 586 0.333333333333
276 587 0.00299760191847
276 596 0.0974220623501
276 597 0.0083932853717
277 387 0.00328677074774
277 397 0.0115036976171
277 427 0.025472473295
277 437 0.0517666392769
277 587 0.159408381265
277 597 0.71322925226
277 598 0.0353327855382
278 438 0.265133171913
278 439 0.0399515738499
278 598 0.63196125908
278 599 0.0629539951574
279 79 0.00617147895085
279 119 0.993828521049
280 80 0.218309859155
280 90 0.12676056338
280 120 0.485915492958
280 130 0.169014084507
281 281 1.0
282 282 1.0
283 283 1.0
284 284 1.0
285 285 1.0
286 286 1.0
287 287 1.0
288 288 1.0
289 289 1.0
290 90 0.04
290 100 0.4
290 130 0.04
290 140 0.52
291 291 1.0
292 292 1.0
293 293 1.0
294 294 1.0
295 295 1.0
296 296 1.0
297 297 1.0
298 298 1.0
299 299 1.0
300 110 0.181818181818
300 150 0.818181818182
301 301 1.0
302 302 1.0
303 303 1.0
304 304 1.0
305 305 1.0
306 306 1.0
307 307 1.0
308 308 1.0
309 309 1.0
310 110 0.379310344828
310 150 0.620689655172
311 311 1.0
312 152 0.5
312 153 0.5
313 313 1.0
314 154 1.0
315 115 1.0
316 316 1.0
317 317 1.0
318 118 0.769230769231
318 158 0.230769230769
319 119 0.333333333333
319 159 0.666666666667
320 480 0.461538461538
320 520 0.538461538462
321 321 1.0
322 322 1.0
323 323 1.0
324 324 1.0
325 325 1.0
326 326 1.0
327 327 1.0
328 328 1.0
329 329 1.0
330 330 1.0
331 331 1.0
332 332 1.0
333 333 1.0
334 334 1.0
335 335 1.0
336 336 1.0
337 337 1.0
338 338 1.0
339 339 1.0
340 340 1.0
341 341 1.0
342 342 1.0
343 343 1.0
344 344 1.0
345 345 1.0
346 346 1.0
347 347 1.0
348 348 1.0
349 349 1.0
350 350 1.0
351 351 1.0
352 352 1.0
353 353 1.0
354 354 1.0
355 355 1.0
356 506 1.0
357 357 1.0
358 358 1.0
359 359 1.0
360 520 0.966101694915
360 560 0.0338983050847
361 520 0.0254716981132
361 521 0.881132075472
361 561 0.0933962264151
362 521 0.0648044692737
362 522 0.836499068901
362 561 0.00502793296089
362 562 0.0936685288641
363 522 0.041115209373
363 523 0.886851811673
363 562 0.00216966804079
363 563 0.0698633109134
364 364 1.0
365 524 0.0974487662066
365 525 0.874111250523
365 564 0.00961940610623
365 565 0.0188205771644
366 525 0.056420233463
366 526 0.943579766537
367 367 1.0
368 368 1.0
369 369 1.0
370 520 1.0
371 371 1.0
372 522 0.888888888889
372 562 0.111111111111
373 522 0.0416666666667
373 523 0.708333333333
373 563 0.25
374 374 1.0
375 524 0.0205032618826
375 525 0.784249767008
375 534 0.000155327741535
375 535 0.146318732526
375 564 0.00139794967381
375 565 0.0464429947189
375 575 0.000931966449208
376 525 0.00699300699301
376 526 0.814685314685
376 536 0.174825174825
376 566 0.0034965034965
377 377 1.0
378 378 1.0
379 379 1.0
380 380 1.0
381 531 1.0
382 382 1.0
383 383 1.0
384 534 0.888888888889
384 535 0.111111111111
385 535 0.899706744868
385 536 0.00058651026393
385 545 0.0146627565982
385 575 0.0838709677419
385 576 0.000293255131965
385 585 0.000879765395894
386 536 0.481481481481
386 537 0.037037037037
386 546 0.0740740740741
386 576 0.296296296296
386 586 0.111111111111
387 537 0.75
387 577 0.25
388 388 1.0
389 389 1.0
390 540 0.75
390 550 0.125
390 580 0.0625
390 590 0.0625
391 541 0.166666666667
391 551 0.833333333333
392 392 1.0
393 393 1.0
394 394 1.0
395 545 0.885245901639
395 546 0.0218579234973
395 556 0.016393442623
395 585 0.0765027322404
396 546 0.676532769556
396 547 0.0243128964059
396 556 0.0422832980973
396 557 0.00211416490486
396 586 0.246300211416
396 587 0.00634249471459
396 596 0.00211416490486
397 547 0.47572815534
397 557 0.291262135922
397 558 0.00970873786408
397 587 0.223300970874
398 548 0.125
398 558 0.875
399 559 0.879032258065
399 599 0.120967741935
400 560 1.0
401 560 0.0675
401 561 0.9325
402 562 1.0
403 403 1.0
404 404 1.0
405 405 1.0
406 566 1.0
407 407 1.0
408 408 1.0
409 409 1.0
410 560 0.970909090909
410 570 0.0278787878788
410 600 0.00121212121212
411 560 0.0108108108108
411 561 0.981081081081
411 571 0.00810810810811
412 561 0.00614035087719
412 562 0.976315789474
412 572 0.0175438596491
413 562 0.0190972222222
413 563 0.980902777778
414 414 1.0
415 415 1.0
416 416 1.0
417 417 1.0
418 418 1.0
419 419 1.0
420 100 0.0345744680851
420 110 0.295212765957
420 260 0.0718085106383
420 270 0.589095744681
420 310 0.0093085106383
421 101 0.0645161290323
421 111 0.298387096774
421 112 0.0161290322581
421 261 0.0403225806452
421 271 0.548387096774
421 272 0.0322580645161
422 572 0.981627296588
422 573 0.00524934383202
422 582 0.0131233595801
423 573 0.965517241379
423 583 0.0344827586207
424 104 0.166666666667
424 114 0.666666666667
424 274 0.166666666667
425 425 1.0
426 426 1.0
427 577 0.203125
427 587 0.796875
428 428 1.0
429 429 1.0
430 110 0.455497382199
430 111 0.0124345549738
430 270 0.524214659686
430 271 0.00785340314136
431 111 0.214285714286
431 271 0.785714285714
432 112 0.350364963504
432 113 0.0340632603406
432 272 0.579075425791
432 273 0.0340632603406
432 312 0.00243309002433
433 113 0.283415841584
433 114 0.0173267326733
433 273 0.648514851485
433 274 0.0507425742574
434 114 0.271428571429
434 274 0.728571428571
435 435 1.0
436 436 1.0
437 437 1.0
438 438 1.0
439 599 0.983050847458
439 639 0.0169491525424
440 120 0.0384615384615
440 130 0.0153846153846
440 280 0.830769230769
440 290 0.115384615385
441 441 1.0
442 442 1.0
443 443 1.0
444 444 1.0
445 445 1.0
446 446 1.0
447 447 1.0
448 448 1.0
449 449 1.0
450 140 0.333333333333
450 300 0.666666666667
451 451 1.0
452 452 1.0
453 453 1.0
454 454 1.0
455 455 1.0
456 456 1.0
457 457 1.0
458 458 1.0
459 459 1.0
460 150 0.0967741935484
460 300 0.161290322581
460 310 0.741935483871
461 461 1.0
462 462 1.0
463 463 1.0
464 464 1.0
465 465 1.0
466 466 1.0
467 467 1.0
468 468 1.0
469 469 1.0
470 150 0.25
470 310 0.75
471 311 0.666666666667
471 312 0.333333333333
472 152 0.5
472 312 0.5
473 473 1.0
474 474 1.0
475 475 1.0
476 476 1.0
477 477 1.0
478 158 0.125
478 318 0.875
479 159 0.1
479 319 0.9
480 520 1.0
481 481 1.0
482 482 1.0
483 523 1.0
484 484 1.0
485 485 1.0
486 486 1.0
487 487 1.0
488 488 1.0
489 489 1.0
490 490 1.0
491 491 1.0
492 492 1.0
493 493 1.0
494 494 1.0
495 495 1.0
496 496 1.0
497 497 1.0
498 498 1.0
499 499 1.0
500 500 1.0
501 501 1.0
502 502 1.0
503 503 1.0
504 504 1.0
505 505 1.0
506 506 1.0
507 507 1.0
508 508 1.0
509 509 1.0
510 510 1.0
511 511 1.0
512 512 1.0
513 513 1.0
514 514 1.0
515 515 1.0
516 516 1.0
517 517 1.0
518 518 1.0
519 519 1.0
520 520 0.752233956133
520 560 0.247766043867
521 520 0.0706908423227
521 521 0.680743630939
521 560 0.0390176727106
521 561 0.209547854028
522 521 0.0568181818182
522 522 0.681818181818
522 561 0.0340909090909
522 562 0.227272727273
523 523 1.0
524 524 0.5
524 564 0.5
525 525 0.714285714286
525 564 0.142857142857
525 565 0.142857142857
526 526 1.0
527 527 1.0
528 528 1.0
529 529 1.0
530 530 1.0
531 521 0.571428571429
531 561 0.428571428571
532 532 1.0
533 533 1.0
534 534 1.0
535 535 1.0
536 526 0.875
536 566 0.125
537 527 0.9
537 567 0.1
538 538 1.0
539 539 1.0
540 530 1.0
541 531 1.0
542 542 1.0
543 543 1.0
544 544 1.0
545 545 1.0
546 226 0.00149700598802
546 236 0.0523952095808
546 266 0.0059880239521
546 276 0.0359281437126
546 396 0.0568862275449
546 436 0.845808383234
546 437 0.00149700598802
547 537 0.375
547 547 0.0138888888889
547 577 0.611111111111
548 538 1.0
549 539 1.0
550 540 1.0
551 541 0.307692307692
551 551 0.307692307692
551 581 0.153846153846
551 591 0.230769230769
552 392 0.857142857143
552 393 0.142857142857
553 553 1.0
554 394 1.0
555 545 1.0
556 556 0.6
556 586 0.4
557 547 0.454545454545
557 557 0.454545454545
557 597 0.0909090909091
558 558 1.0
559 549 0.00436681222707
559 559 0.248908296943
559 589 0.00436681222707
559 599 0.742358078603
560 240 0.134803396846
560 250 0.00214086919289
560 280 0.000713623064298
560 290 7.13623064298e-05
560 400 0.229144365946
560 410 0.0775708270891
560 440 0.008634839078
560 450 0.00014272461286
560 560 0.501962463427
560 570 0.0338257332477
560 600 0.00920573752944
560 610 0.00178405766074
561 240 0.00276778300581
561 241 0.027124273457
561 250 0.00415167450872
561 251 0.0968724052034
561 400 0.0188209244395
561 401 0.234984777193
561 410 0.00249100470523
561 411 0.100470523111
561 560 0.103238306117
561 561 0.374481040686
561 570 0.00193744810407
561 571 0.0304456130639
561 611 0.00221422640465
562 242 0.0106200753683
562 251 0.00685166152792
562 252 0.30421377184
562 401 0.0089071599863
562 402 0.194244604317
562 411 0.00411099691675
562 412 0.37170263789
562 561 0.00239808153477
562 562 0.018156903049
562 571 0.00171291538198
562 572 0.0746831106543
562 611 0.000342583076396
562 612 0.00205549845838
563 242 0.0118122474355
563 243 0.0783338514144
563 252 0.0177183711532
563 253 0.435188063413
563 402 0.0108797015853
563 403 0.206403481505
563 412 0.00746036680137
563 413 0.19832141747
563 572 0.000932545850171
563 573 0.0329499533727
564 243 0.0172413793103
564 244 0.137931034483
564 404 0.215517241379
564 414 0.0948275862069
564 564 0.0862068965517
564 574 0.439655172414
564 614 0.00862068965517
565 564 1.0
566 406 0.0769230769231
566 415 0.0769230769231
566 565 0.0769230769231
566 566 0.0769230769231
566 576 0.538461538462
566 616 0.153846153846
567 566 1.0
568 568 1.0
569 569 1.0
570 560 0.857142857143
570 600 0.142857142857
571 560 0.0483870967742
571 561 0.822580645161
571 601 0.129032258065
572 561 0.0222222222222
572 562 0.955555555556
572 602 0.0222222222222
573 562 0.0384615384615
573 563 0.884615384615
573 603 0.0769230769231
574 564 1.0
575 254 0.0021728229985
575 255 0.0484706668895
575 264 0.0162126023734
575 265 0.136386428213
575 414 0.00100284138392
575 415 0.137890690289
575 424 0.00417850576634
575 425 0.523483202407
575 575 0.0205582483704
575 585 0.109643991309
576 565 0.2
576 566 0.8
577 267 0.031914893617
577 427 0.18085106383
577 586 0.063829787234
577 587 0.712765957447
577 627 0.0106382978723
578 578 1.0
579 579 1.0
580 570 0.904
580 610 0.096
581 261 0.0232558139535
581 271 0.186046511628
581 421 0.046511627907
581 431 0.418604651163
581 432 0.0232558139535
581 591 0.255813953488
581 631 0.046511627907
582 572 1.0
583 573 1.0
584 264 0.126984126984
584 274 0.857142857143
584 594 0.010582010582
584 634 0.00529100529101
585 265 0.104519774011
585 275 0.545197740113
585 425 0.0677966101695
585 435 0.231638418079
585 585 0.00847457627119
585 595 0.0381355932203
585 596 0.00282485875706
585 635 0.00141242937853
586 266 0.00280898876404
586 276 0.601123595506
586 277 0.00210674157303
586 426 0.00491573033708
586 436 0.344101123596
586 437 0.00280898876405
586 586 0.00491573033708
586 596 0.0344101123596
586 636 0.00280898876404
587 267 0.000375657400451
587 277 0.0601051840721
587 427 0.0616078136739
587 437 0.688580015026
587 587 0.0176558978212
587 597 0.171675432006
588 638 1.0
589 599 1.0
590 270 0.269230769231
590 430 0.576923076923
590 470 0.153846153846
591 271 0.202
591 272 0.01
591 431 0.58
591 432 0.04
591 471 0.006
591 472 0.004
591 591 0.152
591 592 0.004
591 631 0.002
592 272 0.137254901961
592 432 0.666666666667
592 433 0.0196078431373
592 472 0.0196078431373
592 592 0.137254901961
592 632 0.0196078431373
593 273 0.400491400491
593 274 0.02457002457
593 433 0.520884520885
593 434 0.0540540540541
594 274 0.435897435897
594 434 0.461538461538
594 474 0.025641025641
594 594 0.0769230769231
595 585 0.888888888889
595 586 0.111111111111
596 276 0.796875
596 277 0.021875
596 436 0.175
596 437 0.003125
596 636 0.003125
597 277 0.243130070662
597 278 0.00497252028265
597 437 0.575242083224
597 438 0.0405652970427
597 597 0.131640931693
597 598 0.00392567390735
597 637 0.000523423187647
598 278 0.20375
598 279 0.01375
598 438 0.6575
598 439 0.04375
598 478 0.00875
598 598 0.0675
598 638 0.005
599 279 0.171641791045
599 319 0.00373134328358
599 439 0.35447761194
599 479 0.0261194029851
599 599 0.42723880597
599 639 0.0167910447761
600 440 0.359550561798
600 450 0.0337078651685
600 600 0.561797752809
600 610 0.0449438202247
601 611 1.0
602 601 1.0
603 603 1.0
604 604 1.0
605 605 1.0
606 606 1.0
607 607 1.0
608 608 1.0
609 609 1.0
610 300 0.03125
610 460 0.625
610 610 0.0625
610 620 0.28125
611 611 0.2
611 621 0.8
612 602 1.0
613 613 1.0
614 614 1.0
615 615 1.0
616 616 1.0
617 617 1.0
618 608 1.0
619 619 1.0
620 610 1.0
621 471 1.0
622 632 1.0
623 613 1.0
624 624 1.0
625 625 1.0
626 616 1.0
627 637 1.0
628 628 1.0
629 629 1.0
630 630 1.0
631 621 0.166666666667
631 631 0.666666666667
631 632 0.166666666667
632 472 0.5
632 473 0.5
633 623 1.0
634 624 1.0
635 476 1.0
636 626 0.5
636 636 0.5
637 477 1.0
638 478 1.0
639 479 0.909090909091
639 639 0.0909090909091
